132
167
154
158
106
114
162
158
160
150
100
100
100
113
113
113
113
113
170
180
1
1
150
150
7
300
290
223
223
225
251
1
1
1
1
1
97
65
70
1
2
75
85
63
70
45
47
91
110
77
76
55
100
120
1
1
1
1
1
46
27
80
60
60
90
98
60
30
50
40
70
50
30
72
355
355
355
355
100
270
153
95
123
102
40
1
2
82
90
90
100
100
250
85
1
1
100
100
1
1
90
1
1
1
106
120
80
3
1
40
350
152
126
1
30
50
100
100
100
100
100
100
100
100
100
100
100
100
100
100
100
115
115
115
115
115
115
115
115
115
115
115
115
150
1
1
1
1
1
1
1
1
1
1
1
1
0.5
0.5
1
1
1
1
1
1
1
1
3
3
1
100
100
1
1
50
35
50
1
1
1
1
160
160
120
200
200
220
100
100
100
100
100
100
100
120
70
600
100
150
320
1
1
170
225
42
3
1
205
144
200
200
200
100
90
80
60
35
35
230
