343
286
442
492
208
305
385
332
335
381
302
264
279
274
328
311
214
210
320
342
280
121
295
270
230
485
422
363
340
380
404
174
254
404
375
450
350
280
315
269
270
360
360
395
415
325
201
335
410
470
450
340
485
445
289
305
285
305
262
230
130
395
347
335
440
492
270
155
150
167
250
230
128
298
10
200
125
308
50
215
380
350
345
310
339
363
425
204
220
220
190
425
460
152
344
465
395
242
126
108
231
29
110
256
370
419
250
290
116
216
420
389
330
126
150
300
98
93
90
46
108
58
140
161
249
108
156
48
170
110
122
198
334
228
295
162
259
246
312
296
228
318
302
205
180
160
155
170
135
245
115
290
90
85
160
95
390
254
250
220
225
420
108
132
225
225
108
120
45
186
162
238
287
284
203
145
135
240
140
153
406
395
350
140
142
425
195
210
198
270
220
190
287
432
364
308
408
220
494
169
186
187
195
70
57
38
140
195
129
135
80
68
95
302
234
55
77
216
